Low,High,Medium
206765,0,0
